[INFO] [WallTime: 1471288439.018481] [0.000000] Start reading
0.124309808016
0.124309808016
0.124309808016
0.124309808016
0.124309808016
0.124309808016
0.124309808016
0.124309808016
0.124309808016
0.124309808016
0.124309808016
0.124309808016
0.124309808016
0.124309808016
0.124309808016
0.124309808016
0.124309808016
0.124309808016
0.124309808016
0.124309808016
0.124309808016
0.124309808016
0.124309808016
0.124309808016
0.124309808016
0.124309808016
0.124309808016
0.124309808016
0.124309808016
0.124309808016
0.124309808016
0.124309808016
0.124309808016
0.124309808016
0.124309808016
0.124309808016
0.124309808016
0.124309808016
0.124309808016
0.124309808016
0.124309808016
0.124309808016
0.124309808016
0.124309808016
0.124309808016
0.124309808016
0.124309808016
0.124309808016
0.124309808016
0.124309808016
0.124309808016
0.124309808016
0.124309808016
0.124309808016
0.124309808016
0.124309808016
0.124309808016
0.124309808016
0.124309808016
0.124309808016
0.124309808016
0.124309808016
0.124309808016
0.124309808016
0.124309808016
0.124309808016
0.124309808016
0.124309808016
0.124309808016
0.124309808016
0.124309808016
0.124309808016
0.124309808016
0.124309808016
