[INFO] [WallTime: 1471286910.126264] [0.000000] Start reading
0.0891858115792
0.0891858115792
0.0891858115792
0.0891858115792
0.0891858115792
0.0891858115792
0.0891858115792
0.0891858115792
0.0891858115792
0.0891858115792
0.0891858115792
0.0891858115792
0.0891858115792
0.0891858115792
0.0891858115792
0.0891858115792
0.0891858115792
0.0891858115792
0.0891858115792
0.0891858115792
0.0891858115792
0.0891858115792
0.0891858115792
0.0891858115792
0.0891858115792
0.0891858115792
0.0891858115792
0.0891858115792
0.0891858115792
0.0891858115792
0.0891858115792
0.0891858115792
0.0891858115792
0.0891858115792
0.0891858115792
0.0891858115792
0.0891858115792
0.0891858115792
0.0891858115792
0.0891858115792
0.0891858115792
0.0891858115792
0.0891858115792
0.0891858115792
0.0891858115792
0.0891858115792
0.0891858115792
0.0891858115792
0.0891858115792
0.0891858115792
0.0891858115792
