[INFO] [WallTime: 1471256998.547564] [0.000000] Start reading
0.0202299058437
0.0202299058437
0.0202299058437
0.0202299058437
0.0202299058437
0.0202299058437
0.0202299058437
0.0202299058437
0.0202299058437
0.0202299058437
0.0202299058437
0.0202299058437
0.0202299058437
0.0202299058437
0.0202299058437
0.0202299058437
0.0202299058437
0.0202299058437
0.0202299058437
0.0202299058437
0.0202299058437
0.0202299058437
0.0202299058437
0.0202299058437
0.0202299058437
0.0202299058437
0.0202299058437
0.0202299058437
0.0202299058437
0.0202299058437
0.0202299058437
0.0202299058437
0.0202299058437
0.0202299058437
0.0202299058437
0.0202299058437
0.0202299058437
0.0202299058437
0.0202299058437
0.0202299058437
0.0202299058437
0.0202299058437
0.0202299058437
0.0202299058437
0.0202299058437
0.0202299058437
0.0202299058437
0.0202299058437
0.0202299058437
0.0202299058437
0.0202299058437
0.0202299058437
0.0202299058437
0.0202299058437
0.0202299058437
0.0202299058437
0.0202299058437
0.0202299058437
0.0202299058437
0.0202299058437
0.0202299058437
0.0202299058437
0.0202299058437
0.0202299058437
0.0202299058437
0.0202299058437
0.0202299058437
0.0202299058437
0.0202299058437
0.0202299058437
0.0202299058437
0.0202299058437
0.0202299058437
0.0202299058437
0.0202299058437
0.0202299058437
0.0202299058437
0.0202299058437
0.0202299058437
0.0202299058437
0.0202299058437
0.0202299058437
0.0202299058437
0.0202299058437
0.0202299058437
0.0202299058437
0.0202299058437
0.0202299058437
0.0202299058437
0.0202299058437
0.0202299058437
0.0202299058437
0.0202299058437
0.0202299058437
0.0202299058437
0.0202299058437
0.0202299058437
0.0202299058437
0.0202299058437
0.0202299058437
0.0202299058437
0.0202299058437
0.0202299058437
0.0202299058437
