[INFO] [WallTime: 1471274484.087138] [0.000000] Start reading
0.199841231108
0.199841231108
0.199841231108
0.199841231108
0.199841231108
0.199841231108
0.199841231108
0.199841231108
0.199841231108
0.199841231108
0.199841231108
0.199841231108
0.199841231108
0.199841231108
0.199841231108
0.199841231108
0.199841231108
0.199841231108
0.199841231108
0.199841231108
0.199841231108
0.199841231108
0.199841231108
0.199841231108
0.199841231108
0.199841231108
0.199841231108
0.199841231108
0.199841231108
0.199841231108
0.199841231108
0.199841231108
0.199841231108
0.199841231108
0.199841231108
0.199841231108
0.199841231108
0.199841231108
0.199841231108
0.199841231108
0.199841231108
0.199841231108
0.199841231108
0.199841231108
0.199508681893
0.199508681893
0.199508681893
0.199508681893
0.199508681893
0.199508681893
0.199508681893
0.199508681893
0.199508681893
0.199508681893
0.199508681893
0.199508681893
0.199508681893
0.199508681893
0.199508681893
0.199508681893
0.199508681893
0.199508681893
0.199508681893
0.199508681893
0.199508681893
0.199508681893
0.199508681893
0.199508681893
0.199508681893
0.199508681893
0.199508681893
0.199508681893
0.199508681893
0.199508681893
0.199508681893
0.199508681893
0.199508681893
0.199508681893
0.199508681893
0.199508681893
0.199508681893
0.199508681893
0.199508681893
0.199508681893
0.199508681893
0.199508681893
0.199508681893
0.199508681893
0.051630306989
0.051630306989
0.051630306989
0.051630306989
0.051630306989
0.051630306989
0.051630306989
0.051630306989
0.051630306989
0.051630306989
0.051630306989
0.051630306989
0.051630306989
0.051630306989
0.051630306989
0.051630306989
0.051630306989
0.051630306989
0.051630306989
0.051630306989
0.051630306989
0.051630306989
0.051630306989
0.051630306989
0.051630306989
0.051630306989
0.051630306989
0.051630306989
0.051630306989
0.051630306989
0.051630306989
0.051630306989
0.051630306989
0.051630306989
0.051630306989
0.051630306989
0.051630306989
0.051630306989
0.051630306989
0.051630306989
0.051630306989
0.051630306989
0.051630306989
0.051630306989
