[INFO] [WallTime: 1471263080.486705] [0.000000] Start reading
0.150144308805
0.150144308805
0.150144308805
0.150144308805
0.150144308805
0.150144308805
0.150144308805
0.150144308805
0.150144308805
0.150144308805
0.150144308805
0.150144308805
0.150144308805
0.150144308805
0.150144308805
0.150144308805
0.150144308805
0.150144308805
0.150144308805
0.150144308805
0.150144308805
0.150144308805
0.150144308805
0.150144308805
0.150144308805
0.150144308805
0.150144308805
0.150144308805
0.150144308805
0.150144308805
0.150144308805
0.150144308805
0.150144308805
0.150144308805
0.150144308805
0.150144308805
0.150144308805
0.150144308805
0.150144308805
0.150144308805
0.150144308805
0.150144308805
0.150144308805
0.150144308805
0.150144308805
0.150144308805
0.150144308805
0.150144308805
0.150144308805
0.150144308805
0.150144308805
0.150144308805
0.150144308805
0.150144308805
0.150144308805
0.150144308805
0.150144308805
0.150144308805
0.150144308805
0.150144308805
0.150144308805
0.150144308805
0.150144308805
0.150144308805
0.150144308805
0.150144308805
0.150144308805
0.150144308805
0.150144308805
0.150144308805
0.150144308805
0.150144308805
0.150144308805
0.150144308805
0.150144308805
0.150144308805
0.150144308805
0.150144308805
0.150144308805
0.150144308805
0.150144308805
0.150144308805
0.150144308805
0.150144308805
0.150144308805
0.150144308805
0.150144308805
0.150144308805
0.150144308805
0.150144308805
0.150144308805
0.150144308805
0.150144308805
0.150144308805
0.150144308805
0.150144308805
0.150144308805
0.150144308805
0.150144308805
0.150144308805
0.150144308805
0.150144308805
0.150144308805
0.150144308805
0.150144308805
0.150144308805
0.150144308805
0.150144308805
0.150144308805
0.150144308805
0.150144308805
0.150144308805
0.150144308805
0.150144308805
0.150144308805
0.150144308805
0.150144308805
0.150144308805
0.150144308805
0.150144308805
0.150144308805
0.150144308805
0.150144308805
0.150144308805
0.150144308805
0.150144308805
0.150144308805
0.150144308805
0.150144308805
0.150144308805
0.150144308805
0.150144308805
0.150144308805
0.150144308805
0.150144308805
0.150144308805
0.150144308805
0.150144308805
