[INFO] [WallTime: 1471265361.110003] [0.000000] Start reading
0.12635025382
0.12635025382
0.12635025382
0.12635025382
0.12635025382
0.12635025382
0.12635025382
0.12635025382
0.12635025382
0.12635025382
0.12635025382
0.12635025382
0.12635025382
0.12635025382
0.12635025382
0.12635025382
0.12635025382
0.12635025382
0.12635025382
0.12635025382
0.12635025382
0.12635025382
0.12635025382
0.12635025382
0.12635025382
0.12635025382
0.12635025382
0.12635025382
0.12635025382
0.12635025382
0.12635025382
0.12635025382
0.12635025382
0.12635025382
0.12635025382
0.12635025382
0.12635025382
0.12635025382
0.12635025382
0.12635025382
0.12635025382
0.12635025382
0.12635025382
0.12635025382
0.12635025382
0.12635025382
0.12635025382
0.12635025382
0.12635025382
0.12635025382
0.12635025382
0.12635025382
0.12635025382
0.12635025382
0.12635025382
0.12635025382
0.12635025382
0.12635025382
0.12635025382
0.12635025382
0.12635025382
0.12635025382
0.12635025382
0.12635025382
0.12635025382
0.12635025382
0.12635025382
0.12635025382
0.12635025382
0.12635025382
0.12635025382
0.12635025382
0.12635025382
0.12635025382
0.12635025382
0.12635025382
0.12635025382
0.12635025382
0.12635025382
0.12635025382
