[INFO] [WallTime: 1471335245.083667] [0.000000] Start reading
0.0210080277175
0.0210080277175
0.0210080277175
0.0210080277175
0.0210080277175
0.0210080277175
0.0210080277175
0.0210080277175
0.0210080277175
0.0210080277175
0.0210080277175
0.0210080277175
0.0210080277175
0.0210080277175
0.0210080277175
0.0210080277175
0.0210080277175
0.0210080277175
0.0210080277175
0.0210080277175
0.0210080277175
0.0210080277175
0.0210080277175
0.0210080277175
0.0210080277175
0.0210080277175
0.0210080277175
0.0210080277175
0.0210080277175
0.0210080277175
0.0210080277175
0.0210080277175
0.0210080277175
0.0210080277175
0.0210080277175
0.0210080277175
0.0210080277175
0.0210080277175
0.0210080277175
0.0210080277175
0.0210080277175
0.0210080277175
0.0210080277175
0.0210080277175
0.0210080277175
0.0210080277175
0.0210080277175
0.0210080277175
0.0210080277175
0.0210080277175
0.0213033109903
0.0213033109903
0.0213033109903
0.0213033109903
0.0213033109903
0.0213033109903
0.0213033109903
0.0213033109903
0.0213033109903
0.0213033109903
0.0213033109903
0.0213033109903
0.0213033109903
0.0213033109903
0.0213033109903
0.0213033109903
0.0213033109903
0.0213033109903
0.0213033109903
0.0213033109903
0.0213033109903
0.0213033109903
0.0213033109903
0.0213033109903
0.0213033109903
0.0213033109903
0.0213033109903
0.0213033109903
0.0213033109903
0.0213033109903
0.0213033109903
0.0213033109903
0.0213033109903
0.0213033109903
0.0213033109903
0.0213033109903
0.0213033109903
0.0213033109903
0.0213033109903
0.0213033109903
0.0213033109903
0.0213033109903
0.0213033109903
0.0213033109903
0.0213033109903
0.0213033109903
0.0213033109903
0.0213033109903
0.0213033109903
0.0213033109903
