[INFO] [WallTime: 1471319272.662273] [0.000000] Start reading
0.199730977416
0.199730977416
0.199730977416
0.199730977416
0.199730977416
0.199730977416
0.199730977416
0.199730977416
0.199730977416
0.199730977416
0.199730977416
0.199730977416
0.199730977416
0.199730977416
0.199730977416
0.199730977416
0.199730977416
0.199730977416
0.199730977416
0.199730977416
0.199730977416
0.199730977416
0.199730977416
0.199730977416
0.199730977416
0.199730977416
0.199730977416
0.199730977416
0.199730977416
0.199730977416
0.199730977416
0.199730977416
0.199730977416
0.199730977416
0.199730977416
0.199730977416
0.199730977416
0.199730977416
0.199730977416
0.199730977416
0.199730977416
0.199730977416
0.199730977416
0.199730977416
0.199829563498
0.199829563498
0.199829563498
0.199829563498
0.199829563498
0.199829563498
0.199829563498
0.199829563498
0.199829563498
0.199829563498
0.199829563498
0.199829563498
0.199829563498
0.199829563498
0.199829563498
0.199829563498
0.199829563498
0.199829563498
0.199829563498
0.199829563498
0.199829563498
0.199829563498
0.199829563498
0.199829563498
0.199829563498
0.199829563498
0.199829563498
0.199829563498
0.199829563498
0.199829563498
0.199829563498
0.199829563498
0.199829563498
0.199829563498
0.199829563498
0.199829563498
0.199829563498
0.199829563498
0.199829563498
0.199829563498
0.199829563498
0.199829563498
0.199829563498
0.199829563498
0.199829950929
0.199829950929
0.199829950929
0.199829950929
0.199829950929
0.199829950929
0.199829950929
0.199829950929
0.199829950929
0.199829950929
0.199829950929
0.199829950929
0.199829950929
0.199829950929
0.199829950929
0.199829950929
0.199829950929
0.199829950929
0.199829950929
0.199829950929
0.199829950929
0.199829950929
0.199829950929
0.199829950929
0.199829950929
0.199829950929
0.199829950929
0.199829950929
0.199829950929
0.199829950929
0.199829950929
0.199829950929
0.199829950929
0.199829950929
0.199829950929
0.199829950929
0.199829950929
0.199829950929
0.199829950929
0.199829950929
0.199829950929
0.199829950929
0.199829950929
0.199829950929
0.199985980988
0.199985980988
0.199985980988
0.199985980988
0.199985980988
0.199985980988
0.199985980988
0.199985980988
0.199985980988
0.199985980988
0.199985980988
0.199985980988
0.199985980988
0.199985980988
0.199985980988
0.199985980988
0.199985980988
0.199985980988
0.199985980988
0.199985980988
0.199985980988
0.199985980988
0.199985980988
0.199985980988
0.199985980988
0.199985980988
0.199985980988
0.199985980988
0.199985980988
0.199985980988
0.199985980988
0.199985980988
0.199985980988
0.199985980988
0.199985980988
0.199985980988
0.199985980988
0.199985980988
0.199985980988
0.199985980988
0.199985980988
0.199985980988
0.199985980988
0.199985980988
0.199750334024
0.199750334024
0.199750334024
0.199750334024
0.199750334024
0.199750334024
0.199750334024
0.199750334024
0.199750334024
0.199750334024
0.199750334024
0.199750334024
0.199750334024
0.199750334024
0.199750334024
0.199750334024
0.199750334024
0.199750334024
0.199750334024
0.199750334024
0.199750334024
0.199750334024
0.199750334024
0.199750334024
0.199750334024
0.199750334024
0.199750334024
0.199750334024
0.199750334024
0.199750334024
0.199750334024
0.199750334024
0.199750334024
0.199750334024
0.199750334024
0.199750334024
0.199750334024
0.199750334024
0.199750334024
0.199750334024
0.199750334024
0.199750334024
0.199750334024
0.199750334024
0.199867680669
0.199867680669
0.199867680669
0.199867680669
0.199867680669
0.199867680669
0.199867680669
0.199867680669
0.199867680669
0.199867680669
0.199867680669
0.199867680669
0.199867680669
0.199867680669
0.199867680669
0.199867680669
0.199867680669
0.199867680669
0.199867680669
0.199867680669
0.199867680669
0.199867680669
0.199867680669
0.199867680669
0.199867680669
0.199867680669
0.199867680669
0.199867680669
0.199867680669
0.199867680669
0.199867680669
0.199867680669
0.199867680669
0.199867680669
0.199867680669
0.199867680669
0.199867680669
0.199867680669
0.199867680669
0.199867680669
0.199867680669
0.199867680669
0.199867680669
0.199867680669
0.199449807405
0.199449807405
0.199449807405
0.199449807405
0.199449807405
0.199449807405
0.199449807405
0.199449807405
0.199449807405
0.199449807405
0.199449807405
0.199449807405
0.199449807405
0.199449807405
0.199449807405
0.199449807405
0.199449807405
0.199449807405
0.199449807405
0.199449807405
0.199449807405
0.199449807405
0.199449807405
0.199449807405
0.199449807405
0.199449807405
0.199449807405
0.199449807405
0.199449807405
0.199449807405
0.199449807405
0.199449807405
0.199449807405
0.199449807405
0.199449807405
0.199449807405
0.199449807405
0.199449807405
0.199449807405
0.199449807405
0.199449807405
0.199449807405
0.199449807405
0.199449807405
0.199449807405
