[INFO] [WallTime: 1471323835.397100] [0.000000] Start reading
0.0553180836141
0.0553180836141
0.0553180836141
0.0553180836141
0.0553180836141
0.0553180836141
0.0553180836141
0.0553180836141
0.0553180836141
0.0553180836141
0.0553180836141
0.0553180836141
0.0553180836141
0.0553180836141
0.0553180836141
0.0553180836141
0.0553180836141
0.0553180836141
0.0553180836141
0.0553180836141
0.0553180836141
0.0553180836141
0.0553180836141
0.0553180836141
0.0553180836141
0.0553180836141
0.0553180836141
0.0553180836141
0.0553180836141
0.0553180836141
0.0553180836141
0.0553180836141
0.0553180836141
0.0553180836141
0.0553180836141
0.0553180836141
0.0553180836141
0.0553180836141
0.0553180836141
0.0553180836141
0.0553180836141
0.0553180836141
0.0553180836141
0.0553180836141
0.0553180836141
0.0553180836141
0.0553180836141
0.0553180836141
0.0553180836141
0.0553180836141
0.0553180836141
0.0553180836141
0.0553180836141
0.0553180836141
0.0553180836141
0.0553180836141
0.0553180836141
0.0553180836141
0.0553180836141
0.0553180836141
0.0553180836141
0.0553180836141
0.0553180836141
0.0553180836141
0.0553180836141
0.0553180836141
0.0553180836141
0.0553180836141
0.0553180836141
0.0553180836141
0.0553180836141
0.0553180836141
0.0553180836141
0.0553180836141
0.0553180836141
0.0553180836141
0.0553180836141
0.0553180836141
0.0553180836141
0.0553180836141
0.0553180836141
0.0553180836141
0.0553180836141
0.0553180836141
0.0553180836141
0.0553180836141
0.0553180836141
0.0553180836141
0.0553180836141
0.0553180836141
0.0553180836141
0.0553180836141
0.0553180836141
0.0553180836141
0.0553180836141
0.0553180836141
0.0553180836141
