[INFO] [WallTime: 1471331439.654635] [0.000000] Start reading
0.0546471662819
0.0546471662819
0.0546471662819
0.0546471662819
0.0546471662819
0.0546471662819
0.0546471662819
0.0546471662819
0.0546471662819
0.0546471662819
0.0546471662819
0.0546471662819
0.0546471662819
0.0546471662819
0.0546471662819
0.0546471662819
0.0546471662819
0.0546471662819
0.0546471662819
0.0546471662819
0.0546471662819
0.0546471662819
0.0546471662819
0.0546471662819
0.0546471662819
0.0546471662819
0.0546471662819
0.0546471662819
0.0546471662819
0.0546471662819
0.0546471662819
0.0546471662819
0.0546471662819
0.0546471662819
0.0546471662819
0.0546471662819
0.0546471662819
0.0546471662819
0.0546471662819
0.0546471662819
0.0546471662819
0.0546471662819
0.0546471662819
0.0546471662819
0.0546471662819
0.0546471662819
0.0546471662819
0.0546471662819
0.0546471662819
0.0546471662819
0.0546471662819
0.0546471662819
0.0546471662819
0.0546471662819
0.0546471662819
0.0546471662819
0.0546471662819
0.0546471662819
0.0546471662819
0.0546471662819
0.0546471662819
0.0546471662819
0.0546471662819
0.0546471662819
0.0546471662819
0.0546471662819
0.0546471662819
0.0546471662819
0.0546471662819
0.0546471662819
0.0546471662819
0.0546471662819
0.0546471662819
0.0546471662819
0.0546471662819
0.0546471662819
0.0546471662819
0.0546471662819
0.0546471662819
0.0546471662819
0.0546471662819
0.0546471662819
0.0546471662819
0.0546471662819
0.0546471662819
0.0546471662819
0.0546471662819
0.0546471662819
0.0546471662819
0.0546471662819
0.0546471662819
0.0546471662819
0.0546471662819
0.0546471662819
0.0546471662819
0.0546471662819
0.0546471662819
0.0546471662819
0.0546471662819
0.0546471662819
0.0546471662819
0.0546471662819
0.0546471662819
0.0546471662819
0.0546471662819
0.0546471662819
0.0546471662819
0.0546471662819
0.0546471662819
0.0546471662819
0.0546471662819
0.0546471662819
0.0546471662819
0.0546471662819
0.0546471662819
0.0546471662819
0.0546471662819
0.0546471662819
0.0546471662819
0.0546471662819
0.0546471662819
0.0546471662819
0.0546471662819
0.0546471662819
0.0546471662819
0.0546471662819
0.0546471662819
0.0546471662819
0.0546471662819
0.0546471662819
0.0546471662819
0.0546471662819
0.0546471662819
0.0546471662819
0.0546471662819
0.0546471662819
0.0546471662819
0.0546471662819
0.0546471662819
0.0546471662819
0.0546471662819
0.0546471662819
0.0546471662819
0.0546471662819
0.0546471662819
0.0546471662819
0.0546471662819
