[INFO] [WallTime: 1471312428.812365] [0.000000] Start reading
0.0543827973306
0.0543827973306
0.0543827973306
0.0543827973306
0.0543827973306
0.0543827973306
0.0543827973306
0.0543827973306
0.0543827973306
0.0543827973306
0.0543827973306
0.0543827973306
0.0543827973306
0.0543827973306
0.0543827973306
0.0543827973306
0.0543827973306
0.0543827973306
0.0543827973306
0.0543827973306
0.0543827973306
0.0543827973306
0.0543827973306
0.0543827973306
0.0543827973306
0.0543827973306
0.0543827973306
0.0543827973306
0.0543827973306
0.0543827973306
0.0543827973306
0.0543827973306
0.0543827973306
0.0543827973306
0.0543827973306
0.0543827973306
0.0543827973306
0.0543827973306
0.0543827973306
0.0543827973306
