[INFO] [WallTime: 1471323075.011752] [0.000000] Start reading
0.0919940248132
0.0919940248132
0.0919940248132
0.0919940248132
0.0919940248132
0.0919940248132
0.0919940248132
0.0919940248132
0.0919940248132
0.0919940248132
0.0919940248132
0.0919940248132
0.0919940248132
0.0919940248132
0.0919940248132
0.0919940248132
0.0919940248132
0.0919940248132
0.0919940248132
0.0919940248132
0.0919940248132
0.0919940248132
0.0919940248132
0.0919940248132
0.0919940248132
0.0919940248132
0.0919940248132
0.0919940248132
0.0919940248132
0.0919940248132
0.0919940248132
0.0919940248132
0.0919940248132
0.0919940248132
0.0919940248132
0.0919940248132
0.0919940248132
0.0919940248132
0.0919940248132
0.0919940248132
