[INFO] [WallTime: 1471305585.783488] [0.000000] Start reading
0.0209629591554
0.0209629591554
0.0209629591554
0.0209629591554
0.0209629591554
0.0209629591554
0.0209629591554
0.0209629591554
0.0209629591554
0.0209629591554
0.0209629591554
0.0209629591554
0.0209629591554
0.0209629591554
0.0209629591554
0.0209629591554
0.0209629591554
0.0209629591554
0.0209629591554
0.0209629591554
0.0209629591554
0.0209629591554
0.0209629591554
0.0209629591554
0.0209629591554
0.0209629591554
0.0209629591554
0.0209629591554
0.0209629591554
0.0209629591554
0.0209629591554
0.0209629591554
0.0209629591554
0.0209629591554
0.0209629591554
0.0209629591554
0.0209629591554
0.0209629591554
0.0209629591554
0.0209629591554
0.0209629591554
0.0209629591554
0.0209629591554
0.0209629591554
0.0209629591554
0.0209629591554
0.0209629591554
0.0209629591554
0.0209629591554
0.0209629591554
0.0209629591554
0.0209629591554
0.0209629591554
0.0209629591554
0.0209629591554
0.0209629591554
0.0209629591554
0.0209629591554
0.0209629591554
0.0209629591554
0.0209629591554
0.0209629591554
0.0209629591554
0.0209629591554
0.0209629591554
0.0209629591554
0.0209629591554
0.0209629591554
0.0209629591554
0.0209629591554
0.0209629591554
0.0209629591554
0.0209629591554
0.0209629591554
0.0209629591554
0.0209629591554
0.0209629591554
0.0209629591554
0.0209629591554
0.0209629591554
0.0209629591554
0.0209629591554
0.0209629591554
0.0209629591554
0.0209629591554
0.0209629591554
0.0209629591554
0.0209629591554
0.0209629591554
0.0209629591554
0.0209629591554
0.0209629591554
0.0209629591554
0.0209629591554
0.0209629591554
0.0209629591554
0.0209629591554
0.0209629591554
0.0209629591554
0.0209629591554
0.0209629591554
0.0209629591554
0.0209629591554
0.0209629591554
0.0209629591554
0.0209629591554
0.0209629591554
0.0209629591554
0.0209629591554
0.0209629591554
0.0209629591554
0.0209629591554
0.0209629591554
0.0209629591554
0.0209629591554
