[INFO] [WallTime: 1471301783.496136] [0.000000] Start reading
0.0919117182493
0.0919117182493
0.0919117182493
0.0919117182493
0.0919117182493
0.0919117182493
0.0919117182493
0.0919117182493
0.0919117182493
0.0919117182493
0.0919117182493
0.0919117182493
0.0919117182493
0.0919117182493
0.0919117182493
0.0919117182493
0.0919117182493
0.0919117182493
0.0919117182493
0.0919117182493
0.0919117182493
0.0919117182493
0.0919117182493
0.0919117182493
0.0919117182493
0.0919117182493
0.0919117182493
0.0919117182493
0.0919117182493
0.0919117182493
0.0919117182493
0.0919117182493
0.0919117182493
0.0919117182493
0.0919117182493
0.0919117182493
0.0919117182493
0.0919117182493
0.0919117182493
0.0919117182493
0.0919117182493
0.0919117182493
0.0919117182493
0.0919117182493
0.0919117182493
0.0919117182493
0.0919117182493
0.0919117182493
0.0919117182493
0.0919117182493
0.0919117182493
0.0919117182493
0.0919117182493
0.0919117182493
0.0919117182493
0.0919117182493
0.0919117182493
0.0919117182493
0.0919117182493
0.0919117182493
0.0919117182493
0.0919117182493
0.0919117182493
0.0919117182493
0.0919117182493
0.0919117182493
0.0919117182493
0.0919117182493
0.0919117182493
0.0919117182493
0.0919117182493
0.0919117182493
0.0919117182493
0.0919117182493
0.0919117182493
0.0919117182493
0.0919117182493
0.0919117182493
0.0919117182493
0.0919117182493
0.0919117182493
0.0919117182493
0.0919117182493
0.0919117182493
0.0919117182493
0.0919117182493
0.0919117182493
0.0919117182493
0.0919117182493
0.0919117182493
0.0919117182493
0.0919117182493
0.0919117182493
0.0919117182493
0.0919117182493
0.0919117182493
0.0919117182493
0.0919117182493
0.0919117182493
0.0919117182493
0.0919117182493
0.0919117182493
0.0919117182493
0.0919117182493
0.0919117182493
0.0919117182493
